9784120
29656930
28992087
30561727
29862511
26281359
32067033
31768604
15534322
15832382
32202470
9006065
30288705
20033445
22995285
17005266
32134001
32825779
23473981
29608724
31544594
7980483
28716409
31228113
32459300
29663032
31166333
30102348
32462579
24739253
31180345
26416576
31270545
31362206
29165807
16807821
20097845
30924595
30824017
32022960
30892660
31228108
30528270
30950467
28155257
32133996
10023572
32552683
32314836
11836506
30755409
30067446
32430181
23547109
29886249
30324589
29525948
26659959
25845756
30783808
31471029
12432519
32919283
32836022
29237449
29242530
27467746
22281764
31330327
28623589
20064057
22438063
26567581
19799179
21129970
29098304
24817709
30030887
28004784
31856719
29722815
26663391
29280995
16027134
29611875
30102837
25139408
32068156
26433582
29027740
28265986
20111677
28103793
26867611
24306857
24433542
30235047
32673998
25187356
29779109
30482280
11539858
28653222
30596736
29385641
29492842
27775233
29117199
24984713
24629803
26025534
29727861
18435919
28926746
28293851
30552627
15195940
30005244
29715506
33315117
32322957
31317414
23656863
9598371
30530200
21542467
26237693
24022272
30255212
23469099
28586470
23299671
10624575
28379562
27457986
15221514
23299674
33175379
26830772
27346875
25764432
28071978
33048399
22918505
25238657
19653311
14758476
26853434
28722654
28727145
28906562
21554668
28771873
31321606
28915789
28332713
32654320
28977719
29356396
27319377
28314113
25205573
23009876
24662377
28316114
26391708
26431771
26412777
26960348
23857348
30548618
24319076
26058145
32453824
20035956
25035913
20880224
29165850
19783540
27436233
8162407
18301780
20005002
23134300
33185314
28752957
19619159
26742850
11101835
1843406
20818637
25158800
25412930
9002614
17653722
26156330
16808931
24102415
27297986
25070081
23884434
21104289
17611127
20952039
28004282
27340234
26912907
30480912
17604024
24954583
26556649
24269669
24361377
23747561
25482805
25695335
14513316
25205574
25864318
32433727
26395035
24329869
25913162
23794142
23408995
9202494
22489147
9136028
26231414
24198231
27215288
33079186
24117851
11901129
24612058
27457990
25723134
18506098
26867639
25495660
23311994
21172813
26251880
11752263
15505209
26515330
26193333
24244719
26391711
20067644
16496096
16481336
26566971
21542344
15822920
21966472
24675171
15907694
20127124
9141716
23072991
9390427
18726530
23594295
23574450
22110679
26744481
25353364
14504238
22951404
31087096
19347259
17293351
9882508
27171129
23695238
27049601
30459082
25740271
22371256
23252462
23061922
25043599
25663508
24479634
20302660
27859214
25956884
24805058
25856240
23231622
9827554
23656865
20118203
24573642
18811000
25913773
25332490
24848774
24206523
7565589
24517883
27211014
27402258
25108392
27058118
16820699
21150090
24484962
27741454
8696370
15213389
9326679
11867704
26031782
15258268
21455021
17764500
20497374
11732051
26646379
11599558
24889508
25460872
12591242
10923710
28330554
20080634
29332284
24317064
18422898
8888624
17289793
15070783
22990443
23154509
20601497
21156856
18997423
23745360
26983577
28213686
17473866
12702688
23301615
29681137
19129159
15561775
15720685
12132685
23645866
19820322
31148046
15031408
24319073
8580964
11134418
18084766
11216839
28992225
12140238
24398567
17577597
11542620
9805401
23918970
15037450
10518009
9670559
12690443
24023250
8972592
23559207
32949889
19205656
31009161
26559425
10643668
25611322
9085573
28792633
20925375
22942755
12432038
17277092
16000297
19534421
10384728
27662421
10518493
26070640
27694524
10483125
9736998
24902604
7768447
21447410
9232908
20033447
11175686
23603970
11540605
15031410
12396500
23349669
24461228
27018849
26542109
18775899
8756493
27088968
23733075
7477287
24998201
11307975
23299330
1843409
21118840
28050827
10202817
30298569
10898972
9025313
19809191
33756238
15487999
28124244
12019766
24675109
26344294
28369157
26365471
8980542
23698015
25517295
29329376
18831242
9048445
15881682
23299434
23838958
29667268
27010818
17995917
17897416
18831240
8824823
11542455
17587383
16682750
24606706
28028164
17991993
24699875
17023170
15458205
15627705
27552112
10355125
20377695
10944157
21818409
7894060
25915833
26340594
26454832
11187824
26039486
10833049
24440508
11852796
8673219
11454776
25801304
9881161
1282347
9750261
24130095
7953538
11539812
11192433
11826981
12923306
9598334
28859375
27968989
33770716
15305010
11642128
10576057
11253429
12043576
14527382
23691990
11234423
11042811
11558234
12577645
8307379
9177051
20492094
17087471
11063709
9599807
17417004
32114285
29286868
15806101
25408440
9276958
25743159
25628329
16174328
24272752
9442907
17132632
15860012
14676410
8081813
23989156
19414498
20400530
10529306
30476201
27456071
26502700
20580714
21276012
15075397
12695597
17641820
10495950
18684336
12712576
11918784
29229384
20539124
19012406
29575093
18766202
15725674
28819739
7753782
29578288
27631104
22791831
26273728
24821953
24150656
23226498
16988337
19886895
15753108
10501035
20505351
23545205
25482751
17087478
9351240
19889880
7587593
32049334
24525519
24343996
26685188
28497532
16945092
23941360
21561100
9032965
16682350
26096525
26566036
26019251
17406218
11470571
8787005
31134630
23555221
18314722
29709075
12524356
28167043
23667042
32860502
21269731
9504044
25244063
27043750
20530214
26257351
21194434
25270985
12662313
29471274
30351427
33406774
25289518
17017057
26252364
29023006
27557761
23989220
33568305
11187823
29525952
10887076
26039487
9594650
16121290
15643972
33175391
27436134
23160177
29304736
24760003
18474569
25910723
9864859
28548870
32891194
32185689
9536072
25849639
15487346
31661263
26047314
12486248
17890242
17118036
29138939
16034593
27091878
30215800
18407784
18613972
26681345
19085149
32326090
11128981
28440947
10394910
22700942
17244044
24880780
9804186
32593186
15908609
19405943
21421418
28774882
11130708
27104531
30457178
29314066
23252608
29396998
19094025
19420714
18922600
28783755
23073004
20080827
16874397
28289885
28993119
24080425
16371443
8819871
18581178
11063706
21199568
9664427
8696368
11202439
24500805
24301200
26381195
23299676
30778561
15861207
23733053
25808655
31254852
20731781
25889272
24270688
28401908
25187041
19088334
17202180
25082369
26177565
23759578
12753590
21502661
23527688
17558406
24209909
30903633
23396599
17962307
30630346
9650298
26039357
27339258
25329733
30388244
25736223
24214895
8310069
25129129
25014646
30480918
17006468
28218997
23412631
16729588
16096848
33371194
17341813
19938641
26272903
11541757
16081115
19899639
9489015
28143395
23580754
19911163
25520403
23077539
9177036
20394731
26505977
30118161
27012548
28903074
21406681
27980240
28220430
25408452
25388923
18721788
31179544
22216267
24591726
27487257
25740920
20190096
20497383
24009676
25521067
15654092
23656882
15546361
22784627
23994480
31136630
19789177
11537487
19019722
32406528
25376907
20088905
22349629
16844837
23658369
27858514
25242621
30615184
33114207
26704140
16739565
22499181
21166475
18952772
20117084
17704233
24334375
16464878
30022707
17711467
23231763
17905839
26408906
23869666
27496682
31745887
30256479
28576325
22992955
12172004
19787332
25990192
24690904
33175380
24251982
10528260
10069079
23777196
30743820
26075497
23559197
10887094
25763500
28621915
17087460
18468649
15993620
21098557
11684101
19529830
28439862
7569898
9159952
25587145
22583905
31355252
15710407
30897399
11171130
11130710
19521717
8455554
19690829
27905394
23171218
20444721
8385803
26123393
23311965
9489014
10205901
26108788
29906776
19966487
25384462
9210588
22147518
22228407
29036339
21489970
33305951
21175634
31176810
32267570
24991832
31106838
30260404
12036253
25849391
24792058
15287975
21254615
26209974
21852144
20039043
32583878
25757781
23622719
16990371
25763612
30482154
8218420
26991768
22307043
16875753
33512461
25355510
32540000
21134089
18495638
32561358
18809915
17347163
23559206
14658386
24962049
29476828
18180851
26867629
10835405
25348251
30468542
12620194
17486756
18508804
24783782
18710526
20181755
27856706
21358288
24018686
33246334
23515278
26337543
28743695
9215913
14968352
15000662
23647163
25146977
29024116
16511152
11190476
11216840
22528207
19318374
11536505
22922108
18308426
23159487
29388029
28054231
27214592
29398689
19808036
24735060
20682047
22263604
12590122
29846914
20356820
31559595
20033444
16551684
23115321
27454560
16595022
12777780
15695460
26826012
15258164
28613105
20488836
29462792
28450372
20128879
23585834
21691153
22937061
30005407
33303799
17654619
19820329
16284305
15330114
27814501
16903359
18831241
10732362
24862207
26601822
14568074
28332706
27503216
19154205
10225410
15810605
31359050
29386129
23290178
19236577
24201137
27604707
9035389
23893169
7724680
23872431
22960760
16121258
9664428
25624147
27611066
25425527
19453458
26107719
18006296
23073007
19939944
15784272
22301962
8022944
25697796
20817926
24211579
18245858
29725995
30530199
12196411
21927721
27684315
18296429
20561213
18219494
30917931
25417931
20028724
24684167
18515128
28277970
27354251
12175022
8036319
19500302
27064998
21453434
11437282
8372351
22265228
16732287
24354517
19696887
29615117
21980108
18515501
20179138
29681129
24563287
32502259
28254518
7808406
21096072
29707792
33065377
28961890
15377230
17507388
15539603
20978086
21786137
28109881
22893293
28407076
16344262
22777793
10610126
16003878
16874404
18164634
11377417
22442389
12695599
22883024
8631249
20439283
21355997
29996004
23830633
27282025
25807084
8756492
23845065
11926068
30447112
24397874
17013565
11770436
12885171
10394899
22645116
28965600
18624639
26555262
23990142
19685323
18214976
26337646
11539321
27303897
12083068
18436743
28505371
24039726
19070031
19346242
27726859
23788722
31783167
27968992
33161549
29650151
31010613
19363684
17641860
17075075
25183666
24203231
21183706
31916592
24705037
11144265
11540706
31834385
14701679
24102325
10872453
10592193
11536725
22422764
23349965
15923339
29364229
11228431
30900325
9700076
11537658
31625644
23493633
17585494
15286149
16192305
25618824
20167108
23707506
25865500
15703055
11989677
17259228
16962032
20574160
32563451
15923337
28695277
15926316
23262070
25954046
12655134
33779752
31957790
21105922
14996216
25010663
23271653
8197457
19701726
23939432
25438831
17313365
8564296
15476917
25267093
16679419
26174584
17085977
26267046
26530422
31748815
15020634
17211582
15709154
10707356
31022256
14522871
24723448
24267661
21814784
19649177
23166802
11732186
12393748
18770584
8178369
9397528
26376108
8547817
27813107
19584524
25759329
28755507
21512216
23973076
29846918
24390006
17035354
28591805
19096505
17587374
8754677
22974309
16284709
25139229
25948280
24385216
32222680
21812854
32900441
20031921
8771800
28735408
23034062
18845849
26711866
27172138
29570883
16513208
27507239
9536070
27859295
21970703
27273756
12481991
31750920
23802881
26468055
15842626
26843163
22190341
31975295
12685046
18799658
30058771
12938931
19145404
16626462
33454976
25406445
28917191
8756507
22640594
27891614
7766049
30270572
27520391
9740783
16361233
9612950
16531491
11454774
30987084
26898223
28184497
26517544
15246063
23258417
17287251
18047556
17503073
19519932
24312429
11457901
11277426
15190366
21423574
27647886
11540608
27406783
19180117
8425063
26365599
32442719
22207719
23057675
28925901
22938544
10353913
9294189
15817689
21166998
27497090
29080179
21852347
17936409
10849360
8666246
32277833
23111501
19245862
18505878
27301421
20921408
24818943
23026765
9455240
18434604
17149532
32441865
28963748
30188770
9215910
26616142
32347073
15384487
17237349
15611186
9449673
24192376
16310363
31262220
9351244
29525947
12116782
15489279
33550197
8327465
26687994
24411008
33092536
22270363
29947951
24821959
16044247
25538111
29982999
12844268
25938771
14634148
25499792
25196148
21410476
16502469
16545147
11382819
24509549
20647345
26042727
31229714
31626802
16955271
19522568
23376351
20736450
16682972
22128139
9489024
25958775
29341143
11421122
24384530
18155318
21137379
25557512
28936651
20713617
32551569
32155448
26243404
31959824
23516254
15352244
14745450
16096959
9276956
10929936
9763707
24836712
19895414
23848570
22512351
32215973
15781708
32632588
26212639
24852637
33487334
24495073
13312459
27428524
23832209
22025723
10052145
22307569
8206375
19648171
22823492
22139170
9650300
24520739
16231742
31629975
33189753
14576738
27866894
24635680
15247925
10382969
23790151
30616304
25248757
17620712
17180497
19096507
25608613
32639635
29525953
11541894
28754632
32227262
24385429
30694478
10333582
29020934
23263156
21207274
10819329
28681564
21109274
9210330
16941220
22114095
9043079
28710132
23832625
28792639
28622431
19995345
22301963
24923677
32235352
18509467
25873686
32333772
18721264
1463831
25763711
20376845
8851973
29040694
21691809
15889272
27557569
9377482
11171192
24192368
24611517
22034287
24389869
10377993
22512872
29177423
29284022
27317803
9684356
12123581
15334825
28815858
27793154
31041768
20693679
30674019
15452276
15807413
26139575
10093894
7908836
27089118
24349549
16935988
19919573
20652368
28509359
17401635
16889647
27212388
22234559
24117399
17114278
28704702
17074412
33045058
10929131
22140109
25598499
17635217
26630760
20150518
24482435
22622255
11541138
21951802
11089674
23404918
18849483
29758131
29976010
25147272
9526507
11537461
28753226
20528775
24635147
7489102
24471774
31856318
20227538
31085449
21859959
22353860
23630326
22818889
25326628
30695732
32324922
27924043
23379338
22730287
24709149
25704669
25763495
8069491
26678037
7630960
32005394
29381741
9891413
26416852
22058183
17969874
18684657
24319075
10504580
28861679
19649161
29196342
18042200
8580762
20056678
16900325
30065110
9520269
8904808
8605295
28922758
15710401
15618421
27557687
29392664
29281703
29986106
10377996
25242526
20124723
16449375
9421933
11540963
28587634
18636310
24117540
29215097
8275865
18178967
26117705
27408949
27086702
18552234
29897620
29669031
18721318
14990439
24482432
11336252
32391581
29499078
31842481
21108648
22209872
23875782
29234160
9384380
18084014
11130711
22493446
30035374
9001391
11525512
25266977
15581629
23662679
11523654
20195657
19073649
19558423
24600022
18838192
26153342
30692254
25149544
8066131
22210899
15086796
22227310
8919908
24482438
10809670
20960515
15863702
30398644
20387055
8972602
32807500
27105120
27125220
17277087
23299673
23742852
29138971
19582540
16890225
26577059
10423858
26802342
32931963
18018879
11888210
32827872
26362766
29757282
28095419
21966441
24533577
29241571
28339983
23063528
19401413
18764889
15313575
28818374
29570879
33180716
15776481
28611467
10507935
27264508
17284847
24492258
16117643
9925779
32386600
31310684
16169962
12569503
25428982
15255867
20935174
28387971
24286169
27605094
24713636
8577847
21161330
30041423
16242667
12183381
24864301
31461534
24388518
9824308
27443795
23822616
9729487
33535085
15356336
9611169
14738307
26339842
17540692
27549386
29086441
15678326
25758811
21889057
26252884
23299336
31386774
26382564
30125577
22969437
30649396
8278531
23314942
24138310
27637093
25732537
7704045
31237908
28988531
23699706
8844162
25640699
17924137
29735713
27588563
27596924
25227998
26083273
19121031
25929794
30030851
9375391
30907420
27109472
29363002
20851739
21445048
18189342
30462310
15923325
30731210
10520454
26204519
17081254
7824655
28668510
17270225
31484672
20154152
17122072
15516496
19453386
31128707
21852417
24037373
30252137
11807137
21798375
11732056
23231447
21886817
29611844
24388270
28615412
9399805
11539194
31899919
8246890
26473847
27434024
28921702
23389342
24118453
19641034
17496107
32138290
23581821
30199755
17313171
31940839
15815986
9648747
15644219
9714934
19417064
22079786
29532928
18715992
24400898
22102342
26247122
11752264
28483057
28586465
22984433
8628249
17074409
27870062
18850603
11599562
24399173
12815451
11141561
10487867
28479247
12114625
25600937
27330114
22232184
20147494
15618418
29169148
23794026
31362232
31277023
25763694
27174597
26892116
27342381
18540109
19917261
23935008
18417639
27180296
25944099
26095877
21253566
9681000
11089677
32064696
19121119
15151989
17180370
23234403
33251584
20562448
8681135
32280992
20712629
22514090
23488986
8931388
10500234
20071603
29117115
19502535
21044806
24354533
23461337
25326030
18468985
15619622
31174473
25291970
16539601
15967779
18347017
17631039
27086013
22135429
11604454
24652625
20485493
17003050
9100383
28586097
28294941
23506267
24481073
26851373
22770422
22588570
25714818
28821591
21543725
32526034
27405932
16172500
22956112
32047621
18434176
9617813
18184731
18024558
17118972
11479382
12472689
29916076
29846917
20303988
23506537
9637070
15937227
9241437
20826703
30419358
9037157
22694320
20734256
32598078
19592425
8197459
21504912
30399495
11554480
9695954
7972499
29602224
16299181
26070642
24251900
28012668
16870593
21199780
18643901
20219832
17885086
25072635
12556248
10101180
26832121
23962165
30735606
28559568
11540641
16876910
21429230
23028719
26301694
19403522
10485285
23384076
12514250
25409942
12111237
11395435
18056646
30286406
23695504
29052196
25826258
17884805
15678336
25371508
7660465
12091718
12535348
18768911
10787046
21575182
30833326
27412712
19762055
32725756
16574749
9611189
24733935
23952652
19277118
29573374
19083179
26991665
14595688
17928369
7770518
27031426
12399398
24810896
16636467
20138686
8893551
20960135
15201397
24905937
11997633
7724678
24459892
19520768
28741719
26646286
9617814
32087445
18514539
18331354
15923335
11194878
28499866
9066790
22233084
21900741
28383803
8058832
14706834
22268143
22789914
9539443
8029363
10750712
17651367
28559135
18766372
20688978
21738591
14740211
21922322
16582450
7816046
17019529
24940682
28204875
26237510
25527828
8510658
7870825
14600211
30668651
26494731
11543153
28869112
12694278
23590515
21831199
27031653
16488917
12894935
23620479
16024589
8938405
30118566
26556590
15031414
21695274
22522809
17384167
11719511
15951223
9770503
26658240
26681689
14973192
15469496
15805473
18555767
24404838
21366595
32193425
25781967
25104724
15045663
29293590
24673199
20563644
22573183
25482814
29506187
24406629
18500650
25850299
21144863
23856081
19687783
9655945
15908592
16998087
15785853
24711289
29426190
32112998
26163695
8870272
25814435
10805591
26276471
24113658
26425993
22717160
30782074
22207617
9428635
23770835
28369511
31135031
16020790
19500580
24620000
17216483
11851911
12236599
8938409
28513921
27497445
20561205
16007690
21798377
29714687
31636105
12916765
9520262
12087191
26136271
30337674
17427126
16411964
18088333
15858371
30242930
9951732
15118834
31093688
21972900
27006402
31427465
17675552
9390435
10797596
28608936
16941217
21550130
18468438
18613744
25659137
24333636
26277260
17548335
29676825
25720833
23757021
26398798
19060111
17284849
17447914
33973445
19633874
16781668
10100633
24986777
15643957
29562306
20681789
25284079
32218176
24442717
20674465
7811976
8625845
9664430
8115548
22397531
16603661
26614296
21144728
17083680
12787239
17644626
29777485
16395586
15014234
28138059
21586531
19302104
19111837
31595819
30559328
16963523
7479893
9351246
19755544
17114272
22968828
10082968
20194967
19123141
28119424
31811679
15155891
8825467
18039740
19815685
22796129
27122321
17545508
30282123
22658650
30160354
24424025
16353557
9204906
25643813
15327983
9664431
10420644
18051759
8253194
25240267
9821686
25158977
25231968
29642886
27302307
32052059
32877887
26853817
25910725
27966430
19054335
20943852
22893627
21742407
8624518
18287488
17434984
17180735
32044988
19236607
32091601
12942443
29875373
22316300
32667690
25788175
25981772
25656951
25590629
29377434
17419845
21973209
22827951
18583348
7823904
33218622
18284584
30813912
31257431
23881397
17384164
26811314
30961429
16807682
18441219
18287486
31755157
22186180
26913794
26901782
31722406
29036657
30300943
23888068
31694066
11833778
18704166
22112446
23243126
18723362
24366683
19129166
17381326
24492254
29193792
26386272
30128726
31127632
10945212
23672245
24244190
8870273
22848095
15642716
28408182
15310915
10758481
18265943
16006655
29249045
24038679
23457561
17619212
14767695
21974782
27401965
25919406
21880932
17723252
27447095
18162593
22675210
16390432
15498873
27743891
28472169
24633990
28343358
18510869
20974740
22180599
20955681
11828029
9881158
17077148
11413220
29242314
21668865
12197517
28011718
23531542
15908604
9238008
25783028
30404875
29752744
17406873
18768906
24674596
33291051
18087701
30679203
17461791
9826741
12654878
26494563
25442819
21864046
25084837
29569779
16055634
14512381
25231962
33602624
10097388
24043855
23386305
25065716
21536906
18390806
28295823
16098110
26742840
27724872
32499114
25609826
21329528
17908925
33104193
29506000
9841422
28495891
24373012
18772186
28534654
10725382
19349419
24350948
29340613
16087178
26189001
16169964
9342857
19211697
32392578
26709913
12783329
20586274
23819311
25676785
29215737
22902697
28199673
14504242
11759841
26186363
25005098
20675613
30554433
9465123
26303297
25358447
18069047
11537049
11537470
19594707
24147819
10743661
7824653
22942389
21633189
23221759
32278957
17996933
24682700
22731664
9246201
9367433
29540570
9155253
15977805
22010109
26414490
20619891
16705748
8290625
32969475
18408160
19282849
22507399
21467266
18024552
26025519
20190093
17965182
16113209
23682118
29268080
9450349
25482777
16690345
32378781
19448035
15179051
15488017
31665499
14676379
11542740
23726727
17476526
15579666
24105302
19559642
21831845
26111009
33164265
16915521
21446155
26025475
26826786
17132630
27663772
17256069
25392478
30224713
28595570
32235723
17956859
18784284
27067051
21349757
17291444
29770489
19563678
20636903
22553988
28440569
30824043
29605501
8055176
15879447
17905865
33219693
29128690
26162399
18003916
20589409
25627577
24355747
29225022
8893548
19150812
33119606
19474248
23542149
18203870
20840499
15642718
28555890
12417916
26034991
22511606
30218537
24223981
23638731
25738325
15086804
25549979
12842144
32472155
22669605
31745599
21173027
26979064
22057020
22933714
17406292
26229066
26428064
20637531
17635222
21642547
24675291
17982713
26203563
19011088
29916078
17878269
27642699
25822199
11706851
33274450
25401959
18390807
23511200
19825361
16870359
27303048
21261836
20595237
16720603
15860428
9351239
28556304
23335624
30550861
26002069
7610198
23801487
19763177
27861989
20064058
30049745
24709077
31032837
8624510
7657165
12711225
21795582
19953289
16685640
18804526
7777559
19134556
23766365
25732056
22119299
15377757
9816679
18528439
27888535
25763704
12471452
30641215
28095775
23952532
15078337
19473216
16751770
22510494
22230762
24215930
12149434
22291129
28370001
28837631
15221529
23711731
17177875
17041028
20823325
16920875
21805321
33166202
21980109
9422718
26096676
32321167
24470466
15967440
7724681
25339350
9426222
28370621
10959635
8647819
16758197
32240305
21569033
11144262
32248742
16820983
20456058
20457577
27139826
22995300
17443642
18709442
25690466
19052151
16443695
14557818
21680607
31610051
24792389
18034356
15923329
25763705
9847147
30537617
17333279
26043238
18487634
21046146
25262228
26344545
15599060
24057371
17170466
8664502
21762166
19461964
30393937
10075836
22583121
31471780
31018012
25046753
30312352
26434737
16547126
25728686
17417025
30664296
27359166
22548389
16412082
7767237
27465513
27018825
24275148
23808423
8275864
22610629
27302034
15371348
33652855
11564731
29140512
26248809
12848426
30027613
17075038
18657054
9655910
21070422
16829587
11352465
19453501
28592555
32867311
28103400
24973977
15125775
25168157
17704235
19783733
22532610
17425716
27352805
27649165
21143728
25408441
23594257
17883375
14871312
17335507
15936204
11130072
18375600
31172512
11123622
22401844
21177332
17515044
25784477
32125580
9046598
21976771
29300825
19407381
27388337
28898666
17177789
22801428
30649552
22514601
20040060
20483501
17180499
19558413
12783328
19015217
24844677
26619288
19091873
9736997
26896850
27717457
21189252
20739302
31529398
28892107
7770517
25311197
7716229
28940573
30769801
23073695
17404224
19620183
22723086
15770233
31172355
20043823
24151308
11148270
15247430
19222804
24182193
29107903
21599669
19140981
27709438
10503241
21673079
21898256
29654648
25124388
17485849
25690092
20573050
23645346
32217517
28678890
24393452
26867625
24479654
23162070
26357865
16141062
20023151
22018967
21252299
26452406
12018847
32254052
23886624
29878379
25359579
28138016
17683937
12198195
27363486
19025653
24467897
21549648
24081146
21311923
28390898
26256266
12826624
23524981
27245884
14617092
25520406
20003424
28270524
20943851
28859376
19965572
21148817
18304455
23988561
31340000
24394776
22206705
19175771
31820230
25932909
28683779
23314084
29945884
26889009
29425814
26160582
26316193
21919914
12650463
7743935
22128138
27802305
23497496
23790083
23740431
29667322
29024173
24467952
27889524
18989371
8685264
8316832
28699025
27189514
22570469
20855946
16211491
15881681
23773129
27791461
27240972
12026935
27312670
7767603
32152121
25266463
25794540
21447999
18959027
12000449
28103421
21261624
16297850
22282537
19944478
28250106
23658065
29094495
28050832
15748650
8287795
29501490
9821687
27881680
16020430
15020435
23256040
31972869
8262380
27117388
23000158
18248508
23951039
30690505
30466575
15881683
28830101
15225614
23345415
21557702
29672861
15617158
17891152
16267099
12904208
28498984
26124115
29139551
9670562
29149407
17478634
25516598
20592815
20935495
16900315
29383853
23800877
23325403
12445126
17458634
17561898
19754933
31504762
29525960
24433330
25146485
18716334
7870826
27163638
17277091
31446839
24047715
25145792
23616007
28378460
16830164
12467640
25181358
11941458
16648214
31121523
16477366
11854459
26176898
17693535
21484475
16126860
24681615
21685178
15303100
17921313
8587977
24285749
15659445
18444908
24994761
24594389
15562286
25807065
21398259
23731054
24581225
20026477
17316598
19643075
14726957
23272162
24567190
25193306
16905663
24641449
24367020
24792050
21385072
25998905
33206167
23878957
24663344
21264403
23728391
26096005
20237091
11542767
9856939
30821050
21172800
18827404
21742768
23869562
27471796
23301616
16113208
21973123
31359042
16769161
29086404
33740487
16514015
23737149
30596896
28303594
24395256
26058144
12744458
30418580
18660433
26991973
9305917
17340092
22770232
32248588
18273637
24469793
21255341
25329965
32924158
28615505
27866166
15088401
11539759
8754685
28716415
24889055
10792817
19719484
28253318
21112666
24621270
12669067
8755623
26867617
23532042
27593474
23585670
28645051
15792798
15705949
23329148
28074485
19652974
18326791
22543106
25711023
17999661
26566261
30734200
28031032
19689999
16889651
12569398
12165296
22046278
12069852
32361766
9414549
9301086
23418598
24385242
9011093
14634162
21243438
22085561
16299169
15795851
17019527
23543752
23733054
23072999
9576770
16284408
17098847
22795788
24601666
8666244
31241137
31114816
30785184
9188794
25374148
19118126
23221703
26149571
22451382
16893974
28791484
19669863
17935219
25924005
17322336
30458716
18346190
26179462
21666227
30925335
23748771
28556372
24118572
32761075
16244144
26475199
22027551
27659765
24684632
26616373
30641154
17449644
22293854
18218897
28364799
15978583
30201727
26503365
25482783
28032363
10377995
25228083
21914659
18467450
26889912
17722694
29525954
32279407
16537641
24603604
11729165
18441215
32305137
31484097
10200327
25448000
11726931
19076718
23037003
23379561
28004871
29052191
9800211
29235975
8282107
9085569
12026180
31641755
17656687
29920325
18657431
21875594
11782451
18687588
9265789
28207974
24655387
20456224
28622438
14638317
15767264
21924976
20841424
25979917
21277785
27855180
9390443
8492809
31596965
16806804
29169324
15489280
20044452
24923650
15665244
17940010
15908598
10750908
19645738
18394424
10359089
22848750
25462961
11063708
22895767
14690505
15574849
8953254
24121251
26966923
25151615
16474930
31177054
29939818
25656510
26520913
22836501
12535667
12171650
17556511
23242136
11673634
28032643
22186608
11033358
28465235
26244621
11537496
18791256
15187287
19915948
9693137
25482780
9389671
15923330
8605310
21046321
24646251
18281508
23647309
30798200
25267734
31393575
17089185
31886945
29396988
24528504
31187685
17504813
30781591
32014725
27908429
22318676
23421623
32114884
30940631
31874860
22684430
30218542
21940719
32185672
24460551
18287693
19285908
16778018
27856641
25752149
24908123
26139827
25754174
24723404
24641593
22510148
22301964
11029707
14686438
28926847
22947854
28346704
25630334
22378361
25643917
29337075
20624849
28448198
31692404
23042274
25557441
8764984
19285489
15618413
30940349
22374393
18775974
28660659
29628443
31639536
22280908
11538908
25293694
21830950
26025539
24616380
15773852
21091160
27968996
9489005
27922614
21427282
25739305
20404146
27673599
26227242
21561797
16361519
20227082
23216999
23136373
27265884
20605856
22751360
19375816
18184732
20530216
31100755
15195945
7659750
28107768
16776300
21670576
12618408
11762168
30816193
27428365
27124620
28989088
23872272
20057059
25763699
10550893
19296849
22153254
12124179
29035004
18765915
17762870
18284583
10607296
23857347
16055681
18060349
31203893
23264520
24004048
19864257
11561727
24642935
31928662
30148504
29525950
19138583
26287175
9678575
23523919
28204526
28770584
30011034
28936652
16262868
26630759
17176396
20628040
11923307
9263448
28475733
11266586
19376933
28690153
27227462
20138828
18359840
24395261
26565655
24517099
23723973
24302623
9664702
15293050
22639792
31305005
16033780
22198817
8938401
23171236
8666543
9744097
9159946
32584850
14973162
16510514
21849619
17217465
32942673
23243099
16167896
25351333
19635746
21327960
29882068
23409184
30466394
16904792
22740615
9529529
18624640
27208504
22990451
21743994
23925404
24506280
32607976
29043673
26039475
21855396
20033443
23110892
24431192
9129335
11978863
18694459
21834997
19663309
25041085
28293838
22313381
26216646
12949616
26452074
27458713
17222410
16405169
8580759
9653113
17032619
8611760
21527421
8772182
15926686
27704058
17623838
24373132
28453883
27943495
30636325
16027973
24707813
28687624
21212233
11115878
30267580
31779904
15817285
10455050
23098902
26404238
30828737
32242234
19995732
8819323
19453296
18452590
18665917
18024567
27605095
28712931
21898268
10501033
9501031
29450949
7607176
8012403
22807086
21447490
29155739
23385758
28858669
22456678
22199235
24719469
26306426
21189294
11538373
8725243
26662639
23404902
18815384
10500187
25583991
29236939
29726917
23220083
27310313
27109605
20434432
26662452
25532508
14740254
29196636
28840464
24738549
21104338
23832523
20400527
32899394
23645342
12871847
16838791
23221762
21882870
16449377
17727613
28642207
23470719
17561306
25399870
7972512
33481007
17565617
27943020
11320207
20687615
30623555
23555288
25036962
24449384
19211694
23729351
11504855
12694277
11100772
12581302
29356198
25818562
8904811
31328225
11171270
21713283
11710983
9161039
17114575
18980951
18669523
31070087
26461850
23887499
20454908
29495075
25817413
19507049
29440669
21687678
15574831
27212052
18437262
26634517
30710050
9107042
29332293
24861926
21875972
25655823
12519971
23005992
17986457
29609176
32314045
16020787
27541283
16407446
27612205
2152125
18944194
24232384
27385642
30529980
16923014
21849816
28411210
22880003
22969436
15265734
9039497
21599668
22009062
16703358
23875896
28670741
33301486
24123249
18464652
14634156
14506289
17951456
22476456
8539286
31477017
22168340
18451323
18467456
29272536
22760640
20202166
26039474
29709600
22978702
18223148
28081290
31557830
29525964
31300145
20848913
31524881
25039363
22080600
19367733
29393576
18956325
33216923
22050910
22865739
9661674
20214498
8028582
23293954
15728340
26617076
20041196
25393651
18682359
29764986
22151498
20118660
12646501
26756945
8061040
28088849
28626037
25205580
8375395
24805779
17183267
10760305
9501992
16313637
22430225
18701673
25074762
27590710
16361514
26627646
30673938
27880012
22589470
8983181
27424754
15695434
23869243
29576425
16396996
31544656
26237653
20159589
29846919
31797295
23911125
32362253
28448840
18251897
15888681
9790941
18667727
27479913
20023372
25335868
31197812
17055542
26002974
21592396
23893024
15908596
10384731
7784510
11144271
15058987
23979970
22379136
24726371
22336876
12753219
10838072
19148673
17397506
31841567
18680914
17931631
24836325
16683527
32872315
12586715
7683770
18667719
26398808
26086094
27330113
25754504
32165442
18344421
27918939
30018102
15908599
18183416
17208959
24615800
25910737
21460628
30044525
26353406
29198318
31369160
15681664
31001857
29255112
25867014
17369439
9489018
21303842
17990961
16868775
23134674
8620853
11043475
31087367
25420555
21421412
21536479
23989147
14729210
15358537
17602274
28889908
32121556
20339157
27660483
26263174
25942995
7610184
8066143
30035338
31562367
21251101
22099059
31909436
31642910
17496109
27801963
23919896
24530827
16930315
17598126
7498749
31971254
31376280
24094191
28377494
16222813
17283014
25074022
17240087
9339542
23291162
23809151
32433816
18684332
9681002
15728668
17560376
8066145
24329537
31884364
21950056
17905861
32094116
29682831
19938620
10871276
18780803
18045841
15575513
23735510
23826687
25838417
16005292
21746809
24905498
28650521
24303077
32463878
17400706
25553537
19321709
15998307
17347443
26010716
28441405
23130549
21771865
15940465
29052185
28265992
27383578
22451042
29186920
30010769
10470848
28152090
23340744
17113626
21177480
24206833
18287016
29618591
19136569
11042809
20716698
22624884
17579240
25764348
23343119
22974509
20884811
24510943
31583653
19482919
32901916
10742055
24792054
20485571
18927630
17179089
16377752
25492062
20030706
20079503
18768907
25281700
32817691
21862868
15926688
10608898
26477606
10359794
22329444
16262712
24394775
29027833
29463824
26070641
26927949
20592809
26799132
8018872
21455024
11100775
18434608
32854072
17450416
19383102
24450922
25998090
27402088
21190570
27109476
23658505
20594336
15756462
15923326
16971214
20653889
27730617
33481140
28622705
27341062
10691131
33487349
20421235
19891705
32428700
9405937
16040664
20140739
17293001
26643131
9872450
24961665
22334497
26833385
15485356
30824060
29250804
21395889
20023150
25752614
19279211
17496119
29490064
27697905
27145098
21436382
17693538
26293691
27211345
30694462
22359513
8635574
31038749
19211679
30824001
20622445
26795461
19383896
22334689
29271039
19624472
16418232
26261921
28912016
14681437
11148276
22371078
9449849
21622005
23574698
17028205
31583672
21231933
27055299
27875553
18758783
15248065
25350354
29367340
23922271
25085467
9356517
28154194
10545247
17158583
16829586
24603461
21402797
27325215
31854111
23656881
27502328
9881155
8587508
27838638
19211705
16549785
9617812
30059841
12773541
7858195
27943310
28949047
24595288
29846923
12906112
30610360
9611176
15694452
21383174
31087404
11594371
12050657
23129206
24549595
22432470
26237414
25443839
22666472
16207746
9552404
21029320
11597504
27092421
8580970
17351788
15908608
11807124
25818700
19453502
26017403
10353220
24057360
21479227
28339550
15517145
10572033
18460819
11642108
8165257
25002525
21047383
19433090
25468534
19033380
11791732
25477067
16524982
23333958
8819870
21063169
17990959
19549928
29080185
15516505
19522566
31785171
27837092
25450686
15907155
9301093
32897834
29868879
28165500
24376095
24504657
28921561
30556142
16231101
24492336
21574863
23835410
33037639
19247929
25673573
25594156
30216682
23031844
28360003
28320821
24192354
29481639
17351051
11382816
16738863
19095804
16028115
27027866
16510519
24417645
29385647
26243630
24506176
31004494
23298281
10501030
24689742
29309650
27255371
29525961
19529822
23536844
17217470
21457364
32887481
17253988
28711500
15610345
29172926
21186174
16228244
22345435
21251100
15888675
18655603
19577325
27122571
30817762
29095491
8443352
9747802
17427127
19083182
15474032
9375398
10550897
30694474
26340337
18784283
14981318
10948225
27748769
20304787
29462345
28369580
23042250
21664995
24192373
24119415
26441053
28110092
16136797
9003322
20630614
23935517
24153186
16384909
14726515
23803747
30272402
25144495
12415318
15849304
27404135
25336688
1843415
22596224
24780229
33316594
8552715
11599565
18505759
18363780
16845481
28812948
21611741
20142437
16506097
23424661
24395259
16891548
28257948
23899645
21421342
17427040
25910733
22949853
18182023
27787905
29708535
26620528
18485063
17888165
22312114
19077143
30417276
24335334
17513485
27900506
25849509
32939948
15618420
17099232
17201685
33068437
20085621
8098162
28837399
20833628
23076437
25195893
30748050
32561579
22545148
30657222
12668777
15516515
22158761
11310731
30643246
9177312
29986082
9869403
30923069
15371304
24528333
25041272
24192298
15557291
7789281
9568044
22751300
7581660
21039566
32167576
28805882
26042463
22683348
29172852
33671243
33080013
30325257
23365132
18835995
16247729
15986925
18055589
20592818
14559222
30480919
16960337
26017690
30032070
14973166
18039664
16183833
28098947
20011053
8852855
19120447
27121542
17526915
11229321
31554459
23749845
20404547
26700684
21771121
21693672
19759343
18836139
26089152
23005679
16860844
29720392
19794120
31795411
28109885
7813791
28766995
17416734
31128694
26774620
20479233
21270537
1463847
29667247
16500991
21951724
18467463
19827610
18621981
19460081
21597164
14570879
25763492
22960756
25096753
26192339
17928370
31181337
17443343
22403822
19845004
9861059
9093862
28338798
22301980
23702595
28865150
22946675
20298223
11089874
18842622
16738859
10189710
27457996
9721681
11433358
11539973
18427573
10713379
21896643
20230485
27424753
20196895
31521962
25040033
17417007
16384906
21285327
14668400
31730198
11051417
10398681
19329558
29371401
12444417
28318377
28835670
24096666
23299428
31718535
19290666
25751728
8090752
15578216
1844889
27212081
21564098
20525311
8108519
25311199
32600430
16219920
33037720
15923333
11676444
16980558
26247124
28007950
9065762
11118139
24368788
21610026
24076009
24033927
20732879
23161229
9628017
8049377
26243313
31029092
28471263
21131548
19102728
9951726
27831474
24470637
24004165
28857170
19233867
18194426
27117775
21700721
24561248
11029701
27716045
27118254
14573523
24478015
24306859
9546049
17905707
16428602
31858133
1473714
19269997
8564302
23426194
32553085
22067110
30849627
29125669
24285012
17725549
7610196
10931949
12491969
25482784
20226722
31055999
20433764
29059346
22126737
21726239
24792044
26513458
18182022
26358508
33071187
32652745
9108133
21215930
19347617
24180429
9279013
24259685
16489134
16987577
23111157
23240770
22900828
11737944
21367754
23722504
26821586
9804162
24306877
31336387
23221776
22899071
11710387
15365840
8580774
28124253
25912940
10417722
25930165
21900742
19885640
11276428
27541077
31842759
25319368
8580768
32688166
20126264
23782229
18065689
30370772
24974100
29704646
7716246
17576201
27733440
11540162
10790410
26062745
18599510
15870096
23690535
22614834
17540570
16740146
23247921
29543762
10584310
16650770
27514017
11231172
28008672
30032291
24028964
8054995
14872131
16207701
12748379
23554870
26910757
18406364
15734908
14564520
20361058
23335734
24084979
27337039
10481069
9177048
18156293
22645115
8624406
22432714
22889047
20153325
29440686
22258223
32736689
24205380
19052149
24370633
19515787
12806771
15865300
20805327
31759334
11828020
20944397
24057365
21633082
10550633
25848807
17951451
16299170
19523099
25284001
24928490
24368793
28094342
17496106
17728299
29250818
19152489
23269431
20920363
11407759
14657332
27076397
29352746
7630933
23834670
29272523
20118226
18298431
12472683
17916270
25428798
19962211
18631293
17160366
19506555
14682621
16892047
23828547
21822059
24219779
32064614
9468303
29300935
11370870
25747485
19880612
26252246
30710226
12930889
15980263
22923463
25775585
15931500
26318309
30715495
21481029
23865633
27326693
15642341
12753587
7982486
10437826
19529829
11737776
23874927
15447649
25600594
18819574
16088002
8639757
29036620
30484609
8134381
17061170
18326828
18434607
17468216
23104114
24530916
11741606
18829981
11806832
23396597
27538394
14610676
8864121
26496692
22442409
22374399
11535407
27943466
12609041
17412590
15516508
24793750
21364326
27889521
21720919
8896756
32540007
21075962
33199612
25572919
26068468
9715535
23052578
17425720
18402682
19710235
24843021
22805557
23649239
31119298
18069942
24888726
33360542
23922705
9278165
26724418
30930225
19360022
19268331
9858733
20807211
25284309
18315949
16034597
15986216
19933201
22938558
12140324
24189523
12519987
18055602
26039477
23173928
31072871
17513484
26171671
24375230
32314432
27717447
11171191
21220583
28486013
27803326
21793828
31438763
18465198
28611063
16698901
20538889
24130712
20668058
25837738
19923238
25116949
18359845
23726771
18184738
21863441
19457582
15215505
24865627
16720601
32369648
25408445
33809440
24428628
16244153
17183265
15800002
23131143
26047894
10350084
22307046
8754680
18596930
22011341
27121908
20618711
17725640
30868161
28970000
14617060
31392536
30388454
28423470
16603662
27517463
25878140
23072470
17461792
17363079
23242919
29704249
16648215
28608340
22427223
17899172
8078766
29700610
18208523
17140566
32656814
27632363
28710959
16170317
11752472
11748215
10829025
8934623
18175930
18635527
16804056
28346494
29667244
24027242
24736566
20106953
28207056
14756310
18546053
27310308
17546079
22304327
23567274
24803503
28188267
23743712
17337534
16428600
25604050
17452340
25207670
17085515
11575719
31504781
31418792
28509348
25787925
28405774
26367870
19588112
21883289
23380664
24642937
28125320
18024051
10476061
31042812
25617411
16698900
30837286
23288884
28482115
22145973
30886127
19795213
15923347
16945961
12220656
29360918
11599563
22188168
11693528
29630641
20652169
9150605
8521820
7635295
21301216
23892171
19208902
16805739
24398910
22298768
8310058
15336563
20657172
19174455
29080172
16536592
25671309
23624559
19825658
18208517
12123820
24774365
15618435
29394308
15496132
20730565
21782493
29605645
9684354
8547816
16697077
24134148
7513083
22658222
17300427
18564512
15618186
21630041
25993093
17996203
7647685
14972517
8152926
19745225
15111710
31862839
18065558
29576453
31935360
28522456
33503838
24950222
30478825
27457985
10341440
29335898
23296689
28241389
33063828
30944225
26237185
30769207
28050833
25951126
32439842
9599418
19880396
21237530
12023869
19061479
23607369
31869440
20971895
11216842
9892709
16998088
33175382
23893171
29023681
10377998
30570803
24335333
18958862
26312768
25854181
18467467
26867624
22442412
11368331
19703399
22702636
21478444
10571865
17569080
17452342
27031262
20137962
15031406
23043101
31997111
15894741
18633122
21081665
31209485
17426018
24443524
21300918
17293438
17189334
8756495
9539444
17630278
17499825
16455359
25442716
24598432
17216356
25879926
24973590
19521716
18683022
15073212
29509063
19223001
17434988
15618410
23132568
9445802
19434422
32897311
23289792
27138919
9675903
17718391
26046331
17468218
14690510
20154096
8115552
11171171
30496997
23577185
22256998
17940091
31097434
17877701
20798327
19174459
27460790
15158722
18694893
20605915
25775269
24248378
12096821
15053771
30968130
26934952
17419843
12694279
25646449
29365153
25378686
22363647
22276140
17691101
32862319
24094343
29846775
19074290
29178188
25262237
18757555
22072101
19402876
26039484
18400937
25583923
17951454
16574747
26888623
20147492
30630953
11836502
20424176
30704405
22385286
18203058
15223042
16165084
15165863
30892644
25311705
18379884
25410906
32201898
27942976
19148683
26163704
15915641
9501136
24172069
24148294
19121106
17855426
28059075
8379936
19386810
30573672
19019982
16169963
20813785
26317202
22342533
18315697
28534065
19783648
18467458
23779001
17693414
25518926
31759335
33398988
20947199
10189704
21173025
24637390
19074627
31733005
17157548
24884362
33487337
24962998
30044014
25910730
16845525
26466558
17286833
24894795
16364310
25336111
23011401
21900483
30737427
9383080
29541882
21721142
32463943
25394800
24442319
25370817
31975296
15053772
17563365
19649316
16207747
22511802
9290636
28757093
8919911
27633976
17873096
25128920
18643975
23748675
12051672
31419529
26519957
15574846
19783645
17310369
23115000
25278266
12769288
27794275
9276963
31361386
15363896
22775482
17496105
19224919
9271206
31367812
17081117
29949660
33454983
22792278
8898236
12782734
21731053
21693667
32022953
17351056
11860206
28922622
31148038
26318310
9734810
20861274
18757862
23596192
31017526
24469829
17021276
20593294
31301766
9032971
29660188
23432385
17573537
12084942
17380304
25406502
15500467
17929051
20463887
24468931
21457372
28856445
23878078
16778010
21693673
20107025
28726644
11691995
25602028
25640950
8492808
23617622
22404833
21317544
21567290
26512059
24667164
16055682
30368031
29086403
23759546
19277739
29284515
25039492
29897060
21367967
17573539
15750344
30192796
18338219
32720687
20811905
18726615
17478635
25297549
21359813
21619950
22814249
19732351
27838237
18321188
24738718
19486880
17905860
33078389
18674644
32200466
23628002
12848824
33187643
33288018
19783843
17985917
23915037
21288266
16299184
26471895
7598898
19258016
18676661
20508139
24173806
30829333
17287529
25619543
24336389
16299497
7846176
23451199
10987560
27792900
9393447
21677096
23558216
9675906
21856645
32374882
23893317
12230581
24278028
15605178
11162499
8401599
7982564
24573467
14730673
32616662
12730136
18673322
25766904
23621152
8668130
11785941
16829584
20043233
20889713
17981987
22471732
17320239
21481232
24521401
23922269
17322342
11069709
10476072
28161902
14623244
16815951
21085628
9632394
17556508
15337091
21853252
16933846
23447525
17720762
17965178
28541442
27044608
32445409
17427814
21705391
15919674
26177849
27521602
16325963
15983014
22643121
9624055
22226724
27510971
24916675
20953786
32005378
24676856
12198185
21960014
32407318
21030509
27044028
25346271
20709814
19563440
19220788
16567632
27402360
18627499
21685177
10648239
23196272
17720755
19796364
15530395
17928257
7659751
24057368
17028209
17369438
19073579
15954638
11272725
24308987
32135477
22056429
28050828
17049571
11230578
24326589
17449645
30317651
31285293
17601806
23696093
29231782
20139171
17931353
20404541
19906043
20145108
16211388
23735509
19897921
18713428
25634989
27685353
13244676
24253198
20978802
18192443
24696520
22514801
7607506
24635769
29744943
18410124
18721312
21366521
16096960
19211693
29957201
17298883
30134620
17666011
28620661
31279878
29940855
18182437
17635220
18006186
12509283
24034134
17092311
24220572
24033721
20890965
23073003
10645426
18400103
7904045
29688606
23628997
23482873
31731291
32191307
21736648
24984150
28793406
29271105
9085579
25524155
11032470
19190987
26748394
26030677
29244171
15923331
23402430
20071375
27255148
8798688
9628582
19321711
15020747
24617819
24313595
20018592
29490615
25666948
21576511
29210070
23496095
21205622
17720869
15514440
19796369
24610722
23457226
25588735
10571886
24560882
15188405
12523558
31852340
18485217
26526130
14990384
15897230
32081264
28644708
31002969
25900568
11430991
10366720
30589877
25702099
10592037
18359847
16531487
15605175
12640467
16716192
31357099
27229734
17419848
27900551
16021502
29196849
18515112
16913860
16758190
15960623
28074928
25376953
17764505
27569416
26681797
15908605
24880779
9455483
24285094
18760496
23266364
22451725
10380802
16183844
19218396
28277972
16778016
33568311
23763263
21820435
29105090
26967973
33161550
26608667
19627566
21474993
27776173
30944065
23757404
26932351
26440746
26369909
15752736
19539942
31341185
26659966
28087627
27856772
16514016
32777072
21673513
31501923
10794528
7766046
24384993
33129075
23869223
21600394
19381463
19442431
24603614
31975299
22442413
19060110
22395740
15627710
21070405
15048833
24286493
12855475
29133369
28005006
33560485
30044528
33199020
16204207
30696746
17256171
17390109
17369427
18055610
16679455
15075400
18413976
20456230
15358564
28280927
25951519
15821287
18539774
26095625
20335405
31344025
8587979
31677315
25839424
26160583
31407611
8022831
25588388
29664141
30661344
18184065
26865090
14438263
11069706
17032252
15923332
26485342
27707889
16246016
20505369
16897475
25533339
21730198
27864761
23995148
12514242
19200155
27989935
29932798
21199564
25853545
19304997
29643069
10571866
18811619
29376339
24549117
22227889
11171199
18936961
30962284
19502745
23162120
17287892
33175386
15955926
27607358
26452049
16729048
22160296
19081841
24471507
25480007
16025344
31370240
25146719
24553152
14716563
19261736
30644539
16292786
20066115
15546350
23341362
21105929
11289613
23963677
25453131
25264899
18348511
22326563
9675907
21788361
28534718
20522175
11516718
10428488
19847112
23073889
27007017
25117283
16739579
27490826
21134910
30770845
23049774
24330158
18845842
24383079
20734264
32054439
29181650
27094421
22791015
30825725
17416642
20966154
22066021
26980300
20562230
32157303
18042203
18952862
9874813
32138325
19697039
18703123
28662148
8278539
12738961
20354740
33558947
30670603
21863440
16909418
20700525
20712627
24852628
20724023
15448272
17560575
27862530
21117868
22461668
26298008
21895670
15888686
19486323
19033199
28838128
10938795
14745447
18559960
15136745
16435266
19880799
17593977
22228186
25795423
24737717
26081041
15724995
10100639
12366803
22227969
12847525
29362083
21778177
15652803
15367715
23327667
16709193
18945935
31526105
16115064
29959749
18324730
15626683
16980565
32101702
31284661
7732004
7846164
15525519
29234879
11264535
18640846
19390830
32143305
31483571
19015137
25033214
19392710
15703056
20824469
12207221
15255860
31093672
23837879
21684794
27415831
24210371
27349589
24984711
24946828
21357184
10972874
8091210
23702543
10229572
9768500
33270188
12534212
19140948
10624014
26714008
25114016
25716695
21343416
12493849
15604669
16608453
26466761
30401684
15060827
22138967
25898239
19577185
23893118
17556505
17468220
19858117
18614705
21625602
23969312
22766018
18577573
26998776
25308761
32607977
18606536
21057187
30378021
23221596
20633954
23343478
29101280
25237051
29032592
25846245
27354420
20883697
26706064
7846179
19571304
21426427
8281187
31734917
20138320
25779053
28207043
19309492
22653569
17965177
9011094
17172049
22925478
11169177
17889452
23400703
22366209
16709200
27605256
20137964
12082126
28341984
31520787
22516823
24964975
26699853
28373290
29758982
25474587
16698895
12036262
25921306
20520716
15928083
21051945
24461462
10929122
26374892
17071522
10431387
8575317
22012958
28687904
7579611
31626358
8685272
26088788
26296462
11346655
23166809
9084218
28407124
20129810
21857956
21979077
19321706
17059406
7824644
17137297
31964817
22305050
25846821
22294618
23431187
14501065
28859377
22380849
20090939
18483469
9807828
18998159
16782760
26451798
22544577
16460509
24410443
15811335
17277095
29059333
18952782
15516507
28383668
22327945
20044577
17238908
15792229
31325959
21668611
18445580
18158146
27618493
11079568
20931334
25305111
19933386
22582101
18849477
31495805
10427774
17698961
11089862
29969363
24277277
32716064
12028577
8448371
29529239
15022831
11089675
28293848
32266377
22184215
20101436
20172963
8883385
26965120
22325877
25214438
11851915
18980640
17605754
25185123
20516338
17012603
14527393
8193159
30535180
29547672
30727813
9750347
11313355
27622590
32795910
19363093
23090585
22000723
21749502
31626366
22334115
28315970
21756272
9536043
25038254
16024587
17451608
23475998
19730687
11331608
24057358
18539750
25329561
30137564
21897874
29287086
25506770
18039885
22323776
22576087
25025782
12836044
20348214
25704332
27586417
27925401
21705385
17408957
32777040
25533567
22946299
17176401
11732324
24040826
23393265
24898702
10366676
7828736
16254930
9839460
21297636
15231406
17071649
20018402
19903478
28876233
12154130
20935176
16965536
26952278
23834248
18503769
33723703
11808200
22108526
29916077
24499796
32446101
23357270
23268116
24227446
18346188
15258261
23520518
32710609
15225654
11148267
21188527
23469135
25124736
27593459
17728296
9522467
29524407
9076995
33119824
16763194
22102238
27382028
25560178
25030056
16297073
9680979
16601151
21296359
31434317
25976549
27543295
15937326
21544211
21252301
20101514
19416942
12019246
23562459
30755463
27095399
7655506
29018097
12516868
9551087
26472115
24481631
20400945
25575998
21241326
30543996
25730421
23621281
7896103
31372744
31779894
9799408
11539004
24350984
17587690
26768168
27837094
17351048
25375108
25452667
23610219
19286936
23585673
27332880
17545220
8382968
19895400
17666711
28783321
17027276
18657213
27080934
7958839
11543174
17971036
16244137
18536649
27399695
25580543
25474495
28673035
27864753
21044310
21771812
25409478
21561682
28525880
18160300
27590711
19470096
25408447
20732322
20855429
25261846
26531101
10945350
22463253
23663131
30487287
18423788
17148695
16313453
11223521
15276459
23734982
16716483
7480337
15591448
21071395
11018155
20870712
15516497
23717215
23404904
24780095
29218850
24061489
16522683
22051886
22474961
15944363
26012558
26572690
21433285
20735772
23171345
22342657
20614182
18178585
19201913
11541361
29513366
31041767
31975297
26451815
25561503
24925473
26381754
12244434
11113445
32888606
21143722
15191738
11780140
25922493
26621542
20547590
17205109
18518918
15107992
11732053
24112720
17583520
30139794
19317844
8819307
16714408
19832939
23299431
28439856
32077108
1339373
17427806
10652125
17720614
32277349
24586042
25988618
8096057
25907538
22791820
11762172
16113228
21847024
17383745
11171158
18179433
15249983
12610539
17062622
21300919
21242724
17022476
28913895
23198870
15591208
25912465
8972595
17496108
30255355
22913769
21511905
30338858
28513325
21233003
20172619
25465032
26163189
19468651
22131160
20466844
20828567
19995827
27097903
17333250
29929127
32740857
29525959
16889645
28687557
11820813
10754273
21232073
22936832
29149288
25681504
31705802
23033142
9080770
12618410
19641031
23814275
19491238
27399963
27849020
23477787
19939242
18480377
23028523
16100337
24043857
19143987
8819333
8045406
8528281
30570374
21508182
25961822
20548285
21806778
10758509
32283468
17337533
10458161
7816049
22647943
15908607
20007451
28328177
11397085
9735350
9351250
22187939
18369897
18048140
16461385
15027212
23763619
29329271
26034264
31169446
19846542
24748553
20525853
17150990
9414552
21052766
29425096
22268222
23510084
18305204
23429403
17989085
19017646
23215962
32526471
15858990
29247768
18441338
17227549
27427964
31704591
29786859
21723179
19787050
26179363
18048131
25740148
24850899
29210003
25268378
24684726
20439545
21467580
28830937
23814277
30502705
24590695
26879345
22140242
9085570
12154136
22236032
28339807
19029297
27302009
18791220
27302005
15514068
22808182
16183852
25116137
26332741
17054513
20685967
22155294
19304749
16936718
15084720
24032454
29194659
33449088
33378456
8356050
21799034
28369491
9794081
19801398
20813832
15356335
25825767
23675613
31610248
24610723
18155614
29969670
19238429
22327739
17277089
30659067
23843176
23194435
15574835
27500780
25561534
9669027
17704230
19037581
11917087
22214184
18643994
18753285
30597698
30755473
32710414
25977236
23774376
22487254
26786010
12442774
27984677
22885937
9322769
16136082
24039992
17468127
24902833
9291132
24850833
11042215
23221752
16552477
20861681
15326298
11251116
21973021
30882866
15034716
24713589
28778922
26276842
25062973
8264525
29936576
17419836
20720155
27293186
21330789
12447533
24147788
21852415
17261584
10381884
20952626
22158675
17459889
17307897
10798613
20532806
7622040
8534852
17466530
27854158
11193333
16113226
21573066
20400533
28575680
29936546
15037732
20724818
27060495
23416491
26091693
18441225
17425717
17592013
19339503
9390433
11080161
18838788
19880797
19594710
23327451
19073779
18322146
21940997
21412273
7770544
16040710
24807419
9927475
17504459
21497412
31337712
17965180
24792055
26725254
21569134
20819808
17504457
21562334
25367294
14741367
21044807
23152331
19190240
31254398
24223111
31625609
31104938
24118304
30020502
31970400
31348568
12008699
16200408
24418554
20435647
19081844
30010959
19074626
8890737
22693281
15772667
25154054
31152139
19114538
23660666
17080931
21224340
20807997
20181750
30059532
19458117
23849120
16183838
24388519
26224411
16944199
17705488
11606552
11999372
7772565
15961080
21396821
24369434
31203894
21637967
18563436
20716180
9263450
18557905
20807999
16258017
24270629
22532604
24272250
25368167
26601823
19346258
24147765
21085205
28562599
24383931
15010513
12070072
10476079
12091723
28175342
9729900
20829305
18222962
17706632
14706842
20018602
31888967
8811866
9118807
23360532
24930721
26865323
19118124
19028878
17521412
16183831
21163961
19363207
18718935
21438879
20067757
15634699
10682347
29385297
25165146
25136063
23009097
18846319
8647807
27250752
26048869
20363855
20400355
11560911
19554039
9787459
8111017
11710601
29031026
24285797
19448033
25443833
30609769
25288633
30605550
9089275
14558686
19168641
18003908
10629000
10571850
10504579
21896889
21543728
22431508
23144921
25180813
19825620
24850837
26065719
28045578
26426526
9279010
32100164
15295067
23471132
17406505
28375469
26628744
20624746
19597310
31626627
17672840
29577315
21533201
29912641
11779812
20409278
27717466
25293962
16622707
15891117
8790283
8234297
9526499
16850419
27457994
16920877
10923699
31393060
30635071
17652112
17411438
19128484
25670769
22353872
29280992
31928655
18483550
29257129
26865732
15014235
19376783
30366738
22123962
9620263
32333782
19544083
31422433
23314818
10854410
16963526
22317785
20152032
27494519
25627253
9583944
21030506
10804189
19667100
22367110
25137154
28668976
32327549
18375597
10945213
27861992
29915332
26897549
15908603
16629807
27044671
25039392
9484444
28399805
15923322
21543729
25538186
18024555
18162597
16786303
17960244
31915951
23570231
24806884
30327382
23532071
11717470
17823244
8587994
9362564
10929937
22739829
9428718
21726374
25345678
19551810
31856363
25904120
23404888
26355781
15170493
33216996
30924988
26577608
19171357
28295393
24096343
7958957
10750709
15537386
14684914
25070184
30875866
21359806
28615699
20566469
31306517
19383897
16920780
23125314
16263905
9301089
12454084
7972507
20013221
11930019
24368791
19694617
24801177
16942607
24420572
26042547
15111722
16024687
27603208
30321192
19656307
10816357
32545654
17885092
19542355
18980659
10743662
28350216
24513700
23132563
25594504
31368506
29485922
24635727
27655366
17660251
7828831
31638649
8883383
32691866
20955226
15301540
27173203
12610214
8590480
26967004
10361296
24164626
23775796
19161354
16922688
24515832
11757378
26383989
30694479
11171269
17006022
10783978
29197026
33107608
21803862
17631528
23979944
29293922
28244988
24947605
20521948
23112188
30514707
20548960
18078965
8374616
32354334
23717385
12469134
17991462
28426669
24635671
12136027
31276439
26239308
28025145
30010984
24277279
15448639
21439079
29784955
30252136
18583529
18785998
15563614
31147784
17054899
29205850
17951463
26492483
29783183
14654842
20424005
33201481
31388073
21691764
28062593
14648119
12553934
8580761
19556773
25801271
19303350
15161962
28832648
24510109
17259260
18039884
19084504
29024088
26095832
23030958
15863698
16913859
29125418
30401723
22643110
30166418
12620360
8106084
27849615
19342429
29362084
21223394
22543179
10471830
19132085
7766890
25475669
22759306
22428920
17012600
27671113
32815479
25810094
19010687
17249426
11479327
21224426
26646900
20978221
22234997
27747970
20089509
17969875
20926618
12631333
18245336
17661006
22624316
19955262
16271871
21294924
29776748
32959870
11787018
33068782
21692805
18042205
23958864
22899078
30219884
24261563
21220760
33527202
21212302
32499110
32933749
22982108
12638611
16172098
21307369
23625346
22186997
10550634
9655814
15155878
9927606
17259285
17056758
9612956
29727051
29768484
24300527
22194907
17103245
22623516
19563435
23564254
25522794
23749562
19760875
28961818
18211475
28229269
25312412
18466307
18451262
20699403
15734912
15461797
20511296
33279512
20956303
26465351
28805249
21444310
26850273
10520455
32914940
28805278
27089248
23296200
11271002
32892254
28419331
15486106
21726238
17996014
31274236
22908634
25654111
20876831
29205819
8873758
25523176
22326022
21890645
21564354
26940489
9112773
22620259
16032928
18463946
18550682
11182895
23707255
19321710
16377743
21791601
28842549
16473894
30783145
25433630
27255839
17237351
24655391
30485803
31257201
26587965
20374500
11543173
23656880
16269166
19604506
30715439
17080617
20081042
22991161
17636867
16807824
30548978
24989784
24510720
27721457
27655840
23236403
17427041
26745802
16489121
17714428
19840761
25648822
24563199
16690168
17329563
33098708
17098855
31829135
9843485
12213958
11326046
14749483
27564448
24793324
21933319
24841476
19763342
19571309
12451184
31343741
14759260
7770522
25188390
19192188
26907263
26237376
27720542
31353406
15557099
11602263
11115136
21586683
28732105
22085334
8703061
23174767
28415207
22983223
29242599
24334955
21385012
18535353
15576557
20054620
32259361
11141187
30392160
21957980
8401612
21098556
27402171
24637331
24387225
29208704
20657173
27878992
8018707
16290217
27671160
20551347
20724834
28878024
18028551
8755615
31304865
16923817
12027899
7590338
7713917
20922545
12357602
24639336
22987884
20004496
25729922
26188203
15824455
24699751
32854314
28083898
20056608
18218968
28439859
21492976
17693453
28887383
16621602
11861571
28550206
27649687
23634775
15967776
16170635
8685265
26238358
12092614
11732188
11027363
10987552
16055924
12811016
20164445
11917084
25763701
21455028
18305006
15829604
15686522
18752603
25873385
15821981
18554267
19453482
18065298
28601518
21284215
25348600
11855639
16714406
32860440
30718350
21653885
30352493
25467443
16488915
21622812
15136750
10814570
20302603
24792063
19383092
17616508
10069843
20433762
25806785
24416306
23658632
19067955
24843140
17600138
31796954
18775970
19308254
11847243
19091875
22025724
24151303
21934146
27995671
33346096
27118426
23154506
28161903
27760496
9550721
17085513
9664538
32573848
19470658
23424249
30444549
26174552
17041031
17827269
16126863
15557095
20229063
24489010
30083810
33068448
31583663
16179482
30993910
19915013
25330042
16059719
24495108
25763629
27457432
30256896
16705403
10350211
26253546
26141131
18393445
21427283
24836556
27085186
24494243
18424615
21707657
12091722
18464601
30428533
20801759
19083177
8082776
9796106
8400373
8165243
32485308
26397943
7541131
31128713
27516416
31549420
28786767
10872231
12655133
24792059
19749370
30927071
12694291
18329103
22863398
33387851
19070688
8506358
16514558
31056906
16361528
31130103
28623252
29856891
23745676
22311779
30238422
15649366
32725725
32294311
30217814
31601644
9484485
26782026
25399005
19932106
24824834
18716313
9091305
26253775
27258048
25398498
15665242
20080602
17093870
24178345
19859716
33636576
24788060
9799273
26173848
14570921
11209775
20367470
18971337
24481072
21947665
19947979
23608742
23987465
11678034
30037141
30463514
12827437
7875584
32445589
11193423
17063378
15300384
22827937
9572739
24973416
23532390
22932756
17098848
20675570
22723957
24001608
23121860
27049021
22941609
29884991
25702284
17220360
12179997
26608645
24363315
7899496
26216451
18296451
27977750
17227548
9046588
19878582
24280109
15659097
11489176
29561764
22080791
11760010
1392592
27116354
19399177
16478750
16045474
29259199
32572798
23559216
27728837
27337244
17408486
23649257
30723178
19465578
28840447
28470336
11171187
7579170
30833400
29954869
30738155
29767755
33492673
25246443
16170638
16911198
32887556
15584962
32534065
16517762
8953250
16943431
22566492
21540437
23750852
18441213
30510037
14640754
23045608
19226556
29573710
21357579
20132520
24563295
11917137
29032425
22608509
20844890
17435085
17873091
22899061
25226036
12445128
30723180
21605714
25975264
29468687
12713541
24128126
16603652
16513846
16055635
18948957
21036669
11434463
16415212
18359842
28167503
19386811
28548242
19861421
22312006
28004869
11731449
28860156
18337490
21044058
31901883
12941880
21105927
18790995
29381447
11069694
30057301
26833563
23611783
17205970
10652146
17293592
23709340
26962209
26019259
30627888
22010978
21927950
26628055
30480412
12098696
19307045
27208247
23839867
31583670
19559614
9177318
18281505
23665901
11738087
28559545
10872217
23132143
23822207
16944198
14996219
25697797
7851777
27742489
26213982
22527751
10744752
26113158
29184030
19129421
30120551
15665094
17908157
31128276
22280796
10579493
24237637
8662558
22771437
19717544
19050167
11696182
16339855
18375596
15474304
24104863
21421343
11830144
11030561
23961884
17905899
23852440
18187560
16299171
30556340
23487433
17496120
33496342
9108374
18216856
31450868
19934651
18987215
18031282
16874047
28695957
32000108
28941290
29727069
17965176
15070782
20855949
10995473
21223391
26349227
32165445
24225654
15037448
28082719
18522988
16720605
32910959
9301096
25805848
31781934
25438591
33183581
21402796
18069960
7770520
20616154
25625317
26767838
7770519
12668783
28894023
12787025
23893173
26103463
29149328
21570857
32205453
28478036
16163831
21037570
33610179
22077701
30796840
18057042
29748478
11455878
32397956
28860196
10205908
21847018
19561121
28984364
22725617
21193572
20405473
17253987
22433460
17556585
24306862
30100337
24335506
23426196
21115809
23238922
16632591
12783336
24553752
21874592
22962679
14504239
22290801
30544092
26205072
15689241
26608826
31718454
24937144
25791495
21279381
21726384
16513815
20007445
16113216
16004454
22076141
22070784
19566594
19508723
20230491
24554125
30500518
33080095
26529904
23376773
18375607
9662534
17028338
21257907
7642114
16489122
21897010
30958874
16682642
21386032
16126858
32876531
24609653
27217545
17589509
30046937
24915748
24486762
15908595
23336595
20333238
17071648
8904809
23840867
20959421
26745465
31926981
26560462
18296723
11599566
30221488
23684976
17513499
25488978
24697728
21758011
18503041
27885505
22856883
26662023
25482793
27006489
31081197
29945158
23202131
21507507
24664204
22345505
18178112
25763702
31294455
29525962
33175371
32016506
23578291
16129836
28244441
16766674
21252298
25711411
30409856
22073207
24946036
31604522
19798534
30385859
31655970
24249834
23437008
25664748
23583936
20943811
8620852
31409699
15926687
11525509
9611173
21786678
31991793
20734275
19339505
17966978
30822537
29654717
28843766
31385520
19857612
19567706
22371508
21954464
12943542
33684221
18162432
25149602
29390074
25898530
18077464
14739246
9274056
32839309
31209339
11513956
27139124
8819329
22202891
17468209
16798941
32296835
16732289
17128275
19176721
10363371
18614709
22321255
23232097
27943485
28426703
23582764
22090438
11442060
17416640
30760561
33620564
26423961
30160638
29462472
24361505
9291970
33246890
29988152
24368796
20386709
11842188
19126870
17766402
33096518
19302419
12750346
28686423
20377843
21941000
21430186
26426977
32254060
10915624
24464296
23559208
19525968
23187681
25311645
18582528
8819873
21744091
22771435
27149098
19188262
27709637
20530756
24700626
27336582
25096754
16272432
12871972
10483121
25349324
17557810
21119058
9580097
8756608
1398114
22348327
19671879
26313814
24300304
23201478
16473138
23872660
11818058
10535927
15918878
27411741
11356168
22094888
18032403
8589932
19748453
15486089
8439563
26921305
26134166
16831431
33175384
29309664
18502977
10469156
9724821
12482758
20492553
21555559
21665326
29607541
17093323
15208395
7767236
31289216
26119568
22105035
28343859
7973632
10391215
18467464
21303209
15633649
1487154
22291972
15681659
27927998
18831797
15711971
21357491
16531498
27677986
15248121
30265279
19403727
15908594
12609031
30384909
20839006
32022936
25827495
18710561
17892447
12047629
29937503
28478183
20110326
22625421
10923718
32696979
27716048
29078019
16407439
16792016
14973160
26717955
19150810
19242534
14519770
24651369
21824801
24558072
25124848
24559746
24074400
30406278
27030513
28158741
28211906
22041935
28715768
22110647
19525324
23595027
16136081
26889752
27541497
26398801
26949988
27696021
16511155
19211699
9475754
19187040
15689342
12969426
24885520
7610197
20851095
31182557
24664208
21618209
24617630
26719902
30928533
29017432
25395168
33122194
27008640
29574326
22170977
24791469
23155454
30420567
11144269
12789421
20018597
16507087
27229312
17080964
30909785
17653275
28422493
32688442
29241559
18835996
23299333
22319159
15767265
21273332
29654642
19538548
27113435
28911019
20309578
20097792
26508536
28500270
21511909
16331427
21378116
9680973
21683773
23749847
21443686
31084876
23416496
15213437
30664249
12410806
33175390
21500342
29390157
15199185
12714594
30206317
17259263
10965948
11178243
20207708
9225467
27630107
22580954
27688623
21334702
10824602
18184064
20734257
28323554
25008976
16159327
15448178
22118612
23299334
17317674
28004865
15208333
25381714
17293570
12061902
15659441
32446460
32734287
24464291
23298714
26397199
10339624
33487368
22021417
23906059
11874571
26993617
17601823
9150607
23733071
24349433
24585836
22899075
19508431
18680727
18550839
16619305
22335436
19324677
18267944
31673852
21437642
30742612
17704763
22699776
26013074
20699011
22943441
15956669
20368970
17885091
30883790
27621423
29405514
18508958
9402740
27566817
23350960
15630555
19445469
29078092
21317340
15356333
24874772
22332878
24566535
30948554
17631526
19504126
16366319
24019426
24384704
20821493
16339783
12354925
16377747
22206669
19392692
17544464
20408997
18335236
31606202
21332978
30913563
19172180
25428623
19074625
31034969
9680977
21070419
24006285
20818179
32605179
30787186
19376932
17905859
22231484
30236618
24151306
24076976
23772959
23912758
16906434
24777988
20044451
19726570
17028151
33513755
23686421
22230763
16103374
8742338
21815983
21177137
21427281
30659713
17662032
31317407
17189345
26317137
10795316
25910735
23616605
8389441
11485847
31730612
16244149
16843620
31571300
29717021
15367721
17142481
27111035
16679416
31851574
32491060
32865553
31327718
24143805
21051955
16096981
23052593
18603618
23826319
12012246
15993837
19582214
28013083
26297035
23417088
16096970
28392107
22353869
17461784
7696878
19936779
25618340
9927474
25767057
28668394
24802616
16798877
33310401
16251277
15876198
17097300
28695845
25327456
22204645
18319397
16751438
28007170
22494398
24225590
20631317
21120657
23790632
31694901
26574596
18467465
21813794
10886768
31685687
15044686
11722775
9561757
23274453
15085429
21388819
16617098
27886559
25763625
21472856
19797048
15276453
11604464
27487196
24118513
31876373
25649436
24561766
20303774
10734119
20699397
32436306
18650403
31268148
10923701
10854860
31585004
32618189
25711708
25096782
29356153
25344686
29945243
16244142
25117280
16244868
13678595
26072661
23946353
30552775
8310078
26752079
15100247
26522839
9807830
1361981
31328223
25600998
30375060
29671782
24911838
27040616
30765723
23974356
21720954
18192441
10970837
29366972
18504054
17093301
22249996
9037171
31783407
17991631
24057386
15665250
20083325
18494733
18281506
25416933
1840916
12769290
22026747
20378763
16040633
19114041
18309515
10683179
29223068
21840862
31441613
15618427
19136719
21173023
15020743
20840729
18570633
21875893
26079601
18285452
8650583
17624331
18664614
17716623
23556418
20089771
19966073
20798330
24736489
25058345
25651812
11809370
32314481
33495212
30597572
27799284
24114060
22232384
22945341
25563792
20815337
22007025
20015654
31614458
28602696
15269438
10824085
7870578
15225282
15236667
11169198
20598094
14552351
32362252
8925027
27645136
17237223
23690534
32006004
25463197
18228418
29052203
23731064
31889463
12430030
26031939
20485521
16299172
25345491
20348210
8717139
26854085
28849604
12297027
18467460
24678036
29589511
24591052
18790998
29654922
15173112
23444330
29102902
24739361
25704231
17693536
23252373
18846290
9881166
24984197
19302417
18466305
22507071
12736379
11125061
29796759
19732380
20593276
24596241
16055633
15315632
24393051
24064926
24689655
17656722
28195159
26315131
28540497
17548374
28105656
30388255
25680775
11710982
27075727
11513850
17005922
10430596
19952011
26945740
19933317
19897604
18714403
31639305
24889696
11278736
23150599
26725246
20110325
10417700
22147520
15232695
22408074
21910772
7616956
12240833
18761702
19321705
16286448
32179630
14504245
23863694
27510974
19221699
30242928
11802418
26941193
23740823
28069892
24817131
18247047
17630275
25368168
23733076
11599561
11311158
23144183
19815092
10606758
8601466
25074582
22155004
21996493
15546931
30156022
22974522
21143683
23280064
22337916
16968882
12410813
29348141
17138624
15505218
26417108
17052322
17136424
29474581
18278441
9540220
17565618
25049362
8682305
8704134
11062433
30431210
29578643
26982489
26108474
23784464
15527784
11812229
9530878
2152169
24331428
24324156
16905668
12509332
25059707
27864640
15619982
28698355
28676568
17294365
25898531
32156087
27073862
21150311
12813561
18467195
12848826
27700374
20345606
22476458
16120596
28637336
8695637
24057363
25381317
17650484
25264216
17259259
11576424
31734608
22409627
30043365
10939263
20553420
12520338
22442422
21896887
32475392
12793462
25118244
20935069
18266916
22848123
21791954
33360564
10475689
29648603
24430293
30626594
28638069
15686524
20055000
29688630
15665241
23173941
25648134
18262821
9177324
30380128
26152712
18842092
21917550
8852854
28477474
12914659
23562796
17727615
16766693
29987733
12355165
22821363
16791187
27208260
18617142
17488810
31336871
18827156
24420566
20566705
22897245
17953649
21597326
22442426
27061194
18535915
12432024
29116128
22419826
29741733
11726930
20498340
25428980
21421703
21282328
24214892
20562234
19767455
21030507
28419593
18796341
18419780
26873978
32392325
20082669
19745808
16536591
17631525
10514319
23827697
7579189
16845526
25667317
10929117
20456227
17565954
19819982
21501087
18753244
16972866
23851315
17086758
9427559
20980362
21511907
27097028
9801140
16093696
24589475
21862669
20435902
22395485
23167278
21447792
18307782
21540436
17088607
15579664
29605641
23264517
27592586
23262184
31521187
20545890
19592426
28628949
19078964
17918906
29967980
27147230
15246066
33067901
24772937
32464438
29548769
21863452
28346710
14756321
12949536
12664275
33165567
29320165
24739336
20876339
22215637
20406622
12154138
16101912
31325405
22947614
22718775
31988260
23602649
19726572
15563618
11768224
26428397
30742656
25809152
26001781
15694355
30516827
23738527
18202002
24973956
17635218
15122498
23064321
18178770
29800911
32338788
28969797
22039296
26813622
32763566
23656893
27016361
15377755
21427532
26859267
22527388
17293567
16873454
9843986
19017119
15051046
33587102
26637384
17600712
32329787
24007619
29507119
17953650
24324790
20980269
17726062
12899693
11139518
10823923
19816138
21445098
12943541
24646237
30976798
25619405
21698461
11925049
28899962
30883966
19040112
29073083
11537453
9306699
23175745
27302197
15890746
10571880
22231501
16328083
28211124
28720840
16183837
31411742
28124249
11997140
21051061
24006883
19915862
18318836
24941912
27768815
15033524
20457805
21266257
19121120
12721627
9666060
24486765
21697507
15292193
16636050
11532174
23742014
28970478
32816352
17220198
18507803
18409376
11950611
28197719
7579175
26378103
19457201
20739610
11289607
17095238
28067583
19139039
19059442
26186956
7729527
32154880
24567187
25358957
31334862
30473573
32141186
30639313
25500719
23243127
21188458
18450784
26969741
32493777
23620288
28332702
25827016
32987853
30782970
29536304
27348252
22898651
19798519
9112768
19074624
30252897
16286646
31059249
15361136
22580708
23183256
20031254
7991691
20357135
20190095
20864543
17057702
19965966
17626179
15737980
29659022
20978083
18024556
9342863
28819808
8709959
9046596
29361149
10737809
18323538
10889217
30796435
31975294
20836892
17619201
12836817
7987412
19581446
31431511
33540552
20238146
33262014
20113436
22652060
23258370
19007950
29860175
17027865
18298794
20195524
12826627
17426032
19837870
17237218
19843242
17322334
26088926
20586291
27604611
22195593
28571742
26212862
23728789
19151132
16341706
30718348
12649433
12500550
11537029
10377997
19200156
33673252
16896791
23333352
16679459
25440443
24689869
22079289
23464703
26754665
23517717
16941216
23268310
9016956
9193073
21078824
15016565
18165328
24368794
17429400
16377758
8479424
17434992
26400471
15096616
19863135
32579181
20870962
16751345
19088338
21646520
18434605
16603654
30243715
33342519
16980591
11506354
24498005
26518251
32170020
31595008
17644624
16939316
9501997
19858364
28117932
30295898
26337456
19622802
19136646
16786298
16361517
27353361
10707353
33003393
19542356
21398646
19374717
22196800
18667448
20934368
10478482
30833712
19843165
22918502
14756766
20403122
16995900
17158582
21427279
28767133
29916067
18297659
17449646
8736857
25997736
18548197
22207573
19799856
12433921
16526500
15125655
22789031
18944290
25446234
31366719
25540452
11100776
31654214
7630954
24140895
23190212
31732725
25482757
22954730
30657786
17064408
22497620
15843964
15138822
22167189
11678285
22371325
10758487
10654597
30203878
15273293
16341708
15255863
17216481
14617064
25339349
12514139
19187232
29747392
8964270
28992128
21471330
30252617
18158257
7948863
22366090
20705186
10758491
30307072
16361320
14676398
28267232
32370644
24397334
16798887
28336771
31280329
9628022
15759001
15695552
32275056
31350781
19839340
28861950
24846183
20712863
18617446
16164597
24518841
16500988
26307542
17177805
24993737
16816406
9680993
26406904
24779768
23037004
8290624
19794116
29487277
25544587
24676855
21984726
29030481
20887360
26045541
25056792
27595588
25947559
16428598
20053712
16963519
24130159
11543603
23580595
19474214
15620837
12655071
11361340
10386579
9869400
17085508
25541219
27482848
24128328
27782158
11542271
16625397
12493853
21239383
7672266
29763523
20409266
29463775
17942448
19326460
12079677
8224252
22432639
18384194
24006426
8927627
24097263
18506479
24467527
15734904
17583510
15276439
17277900
15507320
21210143
26578694
23178167
20852917
15980860
14673031
8492804
25624148
30904943
10230063
14614626
16161627
16307286
8524849
30462272
26195568
20501976
22622584
8108507
33493201
18820083
31529098
24372679
22608521
22090030
11123801
18567827
24424094
22408073
17516080
26702056
25145395
20521949
21880931
21632972
13680230
25762378
23948553
27891649
23628996
17725544
32977945
18424626
29686401
30903620
30834599
18799661
16505151
31384947
19061521
31811040
20734261
9927473
8420798
22086087
18504359
25841036
9807822
30471853
20653883
17309728
9193090
17877706
29084902
20231330
14764555
24879895
21546247
11672432
22714291
30093294
25378690
8893537
25915452
26160044
27500884
19139056
26858202
23095885
22694475
9611186
29505161
22045917
18515502
17675404
22140238
25403917
16339806
21104372
11136235
19728870
24506441
25914311
26662273
28986016
28153750
20505358
33097927
33175393
15909916
16845477
16487487
11602264
20018598
26572986
16153410
33184368
16821193
20025756
8220484
25616872
29678858
29756225
33034045
27605050
20699401
24388610
8819327
16258015
31408530
29864723
27208231
17435084
28818386
21542302
23163919
10477524
32139475
21330782
15489527
17993549
9576796
11537724
26010949
28752516
26912813
29111597
19143996
17006669
16045477
23176679
27151193
22271306
20693413
20118227
19746162
9871369
25157030
7894512
31009456
18799659
28550014
10542152
32358986
25689473
24449689
25693495
25864910
18949711
12172007
25608652
22851196
28293845
23199031
22170941
18390851
30377236
21045062
9618566
17602187
22943527
28399399
23911527
27454255
25953348
30992321
20345605
16798948
28536102
21311953
16163611
15814026
9351245
31217453
10795322
16766694
19737743
30945182
19901034
23250625
18053238
20831409
23912193
15509833
32685498
16739596
33529338
30920011
17186119
25700823
28273406
25635811
31076779
27231839
25819795
8643534
29541883
31641025
23012350
15879559
10417704
23331961
22339086
12748774
9839461
20091067
21212301
33217378
24654932
10528261
22876191
16648642
17204538
18318901
18812496
21448003
29084901
27380374
17194767
15516501
26842981
24563201
22899057
17977152
33143294
32619278
22549903
19482972
32297855
18799484
20697737
25490916
18037673
9204769
28455764
16679417
11681604
30011001
24645730
18796151
11487688
27208255
21395888
24754628
7948903
23753177
22432443
15769808
7612924
18783601
19700560
18787127
24153420
19339507
32793967
16291783
15584964
32883207
8986840
17340572
20513635
9012859
17468224
8382544
26659856
23192030
20456226
18182423
27108206
19346439
22181713
31107238
25681330
16547097
29272447
18231654
27208232
22640471
24948556
32621388
22403624
17565971
12934018
16845065
30411251
15133666
22760208
28984358
23416497
23322251
29666162
26408809
18392777
15494553
18664522
17028152
33580347
11971139
29588173
16709202
14561513
12369611
20974890
23206932
29052207
19357199
17660350
20064227
15516499
22378382
19074630
20200073
29693271
32876529
22321307
9881167
18397373
17307931
22198150
12511023
26224803
30666736
22004025
18507806
29975159
21947882
24045021
15347288
23573936
19165928
30075823
27208263
29603748
15604143
25194028
22251317
20228245
19690865
16531493
25696978
10047573
10758494
31609413
28107777
20818397
27010517
16798945
28604689
27452041
11336257
16980702
12602880
18945934
30102392
17468208
22476291
28158643
12955513
22010034
16399800
30653319
22634257
23915272
21372201
21309867
32023971
17476573
8555458
19959665
21258003
12430019
27107291
16169957
8886278
28441933
11569500
10718193
27498030
30850388
25932782
20138839
10550898
17918621
23506479
26409189
29292834
22704545
19072260
11673616
19732349
21344313
18768909
25256367
15781858
10207155
7766905
21796445
24357600
18258263
30498218
27639974
31246280
20032077
8938402
21062871
22442221
11104517
10890883
24659330
10987561
24424096
21569135
30239874
16133214
21976360
32259238
29158439
18667726
12211212
16988336
21640126
27659495
22247272
28500265
19822377
21498678
15849421
32744327
23701908
32291272
26363358
25596127
24218605
18849494
21799800
20649974
15659443
29320478
19138429
31426748
25783029
31205303
31539762
21903673
17369372
22992509
24295916
20463021
23150630
24281950
19921251
26305463
29076543
26801684
17827180
8563830
29392675
26603028
18231596
16008101
20807998
20304971
15579661
18343361
27401176
11599560
14750903
8939068
25234576
19223514
19734082
12175018
21551389
24176057
30536871
19921247
18621982
12921732
17158604
19716747
23527243
31511316
20592040
15563621
19329564
15531708
31493059
19558421
16925603
32096870
18408158
9681027
27328697
28400492
30309965
33175376
26177510
23391578
18838801
26282239
25995327
24443525
29671919
27614107
26162428
11056213
27742885
15356390
14742879
17637669
30076222
24583010
23578926
20627089
15659098
12271123
23946352
25848001
9299797
24450735
18435826
15053769
18842097
26637548
31710151
21697089
31937681
21883234
28931628
26052061
25761011
17576669
11818061
21139083
20699390
7724670
7972502
15733873
18643966
20603285
27485473
29697803
20150278
17449809
26038230
31264742
11787771
12744457
20625001
24953893
1359429
16307302
27233750
20545876
29106624
25503602
19380350
21960138
16823378
18054337
23608173
28776932
24579988
30362633
7750552
14578924
26415082
28400491
1450380
15923334
23853363
23073018
19157011
25060192
23975899
14682613
23691060
19635745
18065565
12506983
23106707
20659007
9214586
29894687
20628250
29024034
21543726
29145635
18391443
11973316
33206359
27439459
29194649
28733391
19363095
11858174
23711240
17630279
10102377
16481352
19503620
11542919
30504416
17555967
25293871
16751346
24285791
11672431
16617099
22380923
26867636
24998294
17043085
32453778
22231199
21460887
26990896
21559969
21278122
21153670
11539984
8290626
9396626
21573119
23593031
21905435
31862901
19341407
26745275
22951399
29084800
8163191
29635212
19859717
25049395
29857084
24500735
25052541
15725665
25036130
28735023
12611624
14742880
8624414
25017162
17080642
9694802
20807862
29799081
24974385
20959624
31341004
32213636
20421456
26905725
30296269
18288573
24164091
21499259
22710144
23390607
31466344
18665916
8666245
15960617
15983017
31483536
26264234
20959625
15225283
19939942
32316452
15878986
26032222
16299174
25293961
24891222
12881492
32246044
26095998
9258686
17993547
16513437
25670818
20149132
27565983
22616989
9425143
22791302
22438062
31299202
16623598
28827455
25158860
23677937
20170981
10929101
22457425
30092103
23218016
26510571
21462345
16513816
15242170
27248141
22286137
15960620
30784179
19594711
8914512
28608339
19403731
26417651
23720538
10633230
10567698
20686789
24179129
23221598
23025493
22002743
21270041
20388664
29474620
21309982
29114080
29070514
21422824
25930691
25117271
22692214
30488561
17639078
10504578
23284057
20107023
14973164
12241046
29130376
32059308
19085151
30907222
21325140
21252225
26073096
22723424
21173022
12514032
8660683
24260561
29218596
24058157
32019401
16607029
22571419
15579716
10074711
28245335
8754679
25527360
27749994
9373170
23072993
21751851
19728155
26078466
21564544
22555880
20497972
25035401
8569682
30652229
11799061
9002610
19176722
27880005
31521214
17470442
16208486
15546352
23524848
10571863
25604532
30448907
16786311
31540913
20826701
22563930
12034502
26237103
12461138
27735068
23307650
21835495
18218973
30753728
21474200
26706067
31828800
17046975
17614917
24773781
21505100
24591051
22535421
32120172
32081254
19198845
31797316
26485022
25250952
21688205
15489532
29736717
22930748
17189328
23900543
15960621
33086045
29339437
26032221
31959104
8000001
25416292
29133373
15014444
19073763
21525334
22007024
24668746
15061088
27270046
20828872
7630935
22065301
9489016
28314794
18263779
23839866
25146567
30122118
21498679
31834625
26862200
8424656
24982198
31257654
21390558
31061468
28261921
22802611
17803955
23735508
12736780
31058576
21725501
19732382
11925040
23335625
18685043
10788435
23311369
17485080
33348829
22150826
19383106
18419734
21683882
25281707
16739594
29066668
31200645
28696275
17450127
31762388
12472685
22057336
22434042
15020746
17319849
26747130
31134349
27803060
10101122
32152188
8914526
8018874
14711878
28461403
11875555
17114270
24663078
17656770
25317938
21784950
19656330
24908132
11973317
22545953
19098071
18263774
21945443
24194857
24800789
10938865
11537515
11803810
32255498
9771897
24719465
23845994
23671651
25501166
26756833
23956413
21822843
27490954
10494631
15749755
16728410
21695238
24803136
27716936
22007023
15377217
30184083
18671872
8893545
22493454
12874123
18502973
15475410
18697928
29681056
22372427
25702611
31023726
19211700
28463111
22451271
29022307
23221597
21790818
20834216
20142497
14653999
20079738
18978071
17220364
29361797
28835225
15040443
16740149
20412444
12678559
22031826
24102351
26091700
10721737
21068209
23625359
18256049
21733976
8552034
16146321
17980612
16731587
28818753
20976043
22428143
25724426
19017644
22967312
24494245
17110382
30347890
22767201
25897002
11537679
19487386
21546453
15647800
12783326
26002869
18540030
9207839
12020828
28487476
19641029
18354041
24307252
24381065
19675153
17205127
31126981
21666052
14973165
22307851
1464303
18650401
18542996
19880400
8019591
23509178
17827270
19450582
26149576
23662592
21653785
19420805
17890231
27643450
25842863
30404821
29540591
11006306
24550223
16159328
30552776
29240311
21205613
12624951
31473188
9802567
30809923
30632176
26324904
21390509
27060280
23816351
28818777
19605392
26410303
22375884
30801789
17496113
25875692
14686610
18493791
16223790
18000017
16673941
27225844
25339407
21617031
21278309
19734265
15361584
29272465
20699393
29084222
19825833
26568541
18931140
7579169
27328696
26320415
12620340
9747847
17056759
24182190
22145846
26493488
29141655
18665426
12695608
8706836
11455880
18467468
19625635
23335754
24300993
18721265
28420710
21097700
19923239
32156771
31123050
32731628
31583650
24975689
23209114
29989313
22388452
17993548
23569110
23448691
15449058
30680991
25415979
19649178
31968122
30192637
21301215
17693530
23551385
16412084
25849296
27923613
18086232
24130194
29617299
12821778
28917589
33090485
17991629
17376810
23524661
20040541
12225668
9380766
25496049
24320620
26822404
30981682
18811951
24535251
17319845
31887613
26070410
23887874
10224275
29453228
12769289
17138700
22291995
31734919
28430985
20610407
9821690
23299332
26460066
15200641
24157606
30382422
8193703
21332510
29606214
25976351
19411372
18725370
18203721
11866453
21193574
19249293
11805067
22912743
21051552
31288414
24579997
11950604
9351255
16705010
16673938
15604686
30021112
23770095
21940998
23918368
21275992
23199691
17466346
18614710
27223615
24327260
32980951
9844024
23553636
17208962
21778235
25996806
26163703
21113043
33617039
28032637
25163803
16311517
31041772
16920872
14731265
21533045
12047628
29160805
19161942
21386033
22436504
19710230
26771455
21193573
11541670
20338880
17458631
18583532
17205335
22158677
21995547
16311592
24184455
26650834
27856916
28389360
21527018
25939361
22121866
25764319
9225863
11073319
8552718
27885735
27016889
23134555
11897031
16096964
29971803
29443082
33032258
26905954
33023938
8454626
11806824
26824478
26382719
22706448
18577427
24801344
17726679
22147073
19694953
26473358
16712733
18422605
23849117
18467451
28771755
29133368
21492954
26652762
27419465
18390805
31118265
21914815
16896234
18408043
11163790
18952822
11540124
17629920
16648217
20876110
11030425
31470600
21923745
9161040
19880383
17764576
18793463
28816419
23774895
7534555
31740936
32632813
16244150
28260138
1333806
27593464
31073042
31960925
20576787
16489132
17548302
17150215
25411212
23632856
18281509
19383785
32057155
25713173
28741858
12029469
9017401
1301212
17827267
31148306
19825612
26013323
26764598
25533478
19825596
11828030
12324527
9301094
7918654
22067993
12887711
20661442
10841550
25165398
12369816
7520589
11014828
11230697
10557364
20398217
26246612
31197450
15734919
28387567
19482917
10763817
22870889
19088330
18996978
18304198
17953540
28973586
23925852
19470100
19755539
14690509
17143579
17085510
27417498
24014549
32087683
26259180
7920700
32179752
8980531
27277595
24443516
25336507
9371740
26154604
10082464
15269332
19109301
9862990
17532017
20598091
27579668
15923328
30911763
18642946
28990488
11998855
28339978
32678906
19508432
31355985
18162585
33040451
29931348
23397191
21937677
